step,active_behavior
0,motive_1
1,motive_1
2,
3,
4,
5,
6,
7,
8,
9,
10,motive_8
11,motive_8
12,
13,
14,
15,
16,motive_5
17,motive_5
18,
19,
20,
21,motive_7
22,motive_7
23,
24,
25,
26,
27,
28,
29,
30,motive_3
31,motive_3
32,
33,
34,
35,
36,
37,
38,
39,
40,
41,motive_7
42,motive_7
43,motive_4
44,motive_4
45,
46,
47,
48,
49,
50,
51,
52,
53,
54,
55,
56,
57,
58,motive_3
59,motive_3
60,motive_7
61,motive_7
62,
63,
64,motive_5
65,motive_5
66,
67,
68,
69,
70,
71,
72,
73,
74,
75,
76,
77,
78,motive_3
79,motive_3
80,
81,
82,
83,
84,motive_7
85,motive_7
86,
87,
88,
89,motive_4
90,motive_4
91,
92,
93,
94,
95,
96,
97,
98,
99,
100,
101,
102,
103,
104,motive_5
105,motive_5
106,motive_3
107,motive_3
108,motive_7
109,motive_7
110,
111,
112,
113,
114,
115,
116,
117,
118,
119,
120,
121,
122,
123,
124,
125,
126,motive_3
127,motive_3
128,motive_7
129,motive_7
130,
131,motive_4
132,motive_4
133,
134,
135,
136,
137,
138,
139,
140,
141,
142,
143,
144,
145,motive_6
146,motive_6
147,
148,
149,
150,
151,
152,
153,
154,
155,motive_7
156,motive_7
157,motive_3
158,motive_3
159,
160,
161,
162,
163,
164,
165,motive_5
166,motive_5
167,
168,
169,
170,
171,
172,
173,
174,
175,
176,
177,
178,
179,motive_4
180,motive_4
181,motive_7
182,motive_7
183,
184,
185,motive_3
186,motive_3
187,
188,
189,
190,
191,
192,
193,
194,
195,
196,
197,
198,
199,
200,
201,motive_7
202,motive_7
203,
204,motive_4
205,motive_4
206,
207,
208,
209,
210,
211,
212,
213,motive_3
214,motive_3
215,
216,
217,
218,motive_7
219,motive_7
220,
221,
222,
223,
224,
225,motive_5
226,motive_5
227,
228,
229,
230,
231,
232,
233,motive_3
234,motive_3
235,
236,
237,
238,
239,
240,
241,
242,motive_7
243,motive_7
244,
245,
246,
247,
248,
249,
250,motive_4
251,motive_4
252,
253,
254,
255,
256,
257,
258,
259,
260,
261,motive_6
262,motive_6
263,
264,
265,
266,motive_3
267,motive_3
268,motive_7
269,motive_7
270,
271,
272,
273,
274,
275,
276,
277,
278,
279,
280,
281,
282,motive_5
283,motive_5
284,
285,
286,motive_3
287,motive_3
288,
289,
290,
291,
292,motive_7
293,motive_7
294,
295,
296,
297,
298,
299,
300,
301,
302,motive_4
303,motive_4
304,
305,
306,
307,
308,
309,
310,
311,
312,
313,motive_7
314,motive_7
315,motive_3
316,motive_3
317,
318,
319,
320,
321,
322,
323,
324,
325,
326,motive_5
327,motive_5
328,
329,
330,
331,
332,
333,
334,
335,
336,
337,motive_7
338,motive_7
339,motive_3
340,motive_3
341,
342,
343,
344,
345,
346,
347,
348,motive_4
349,motive_4
350,
351,
352,
353,
354,motive_7
355,motive_7
356,
357,
358,
359,
360,
361,
362,
363,
364,
365,
366,
367,motive_3
368,motive_3
369,
370,motive_5
371,motive_5
372,
373,
374,
375,
376,
377,
378,motive_7
379,motive_7
380,
381,
382,
383,
384,
385,
386,motive_4
387,motive_4
388,
389,
390,
391,
392,
393,
394,
395,motive_3
396,motive_3
397,motive_7
398,motive_7
399,
400,
401,
402,
403,
404,
405,
406,
407,
408,
409,
410,
411,
412,motive_6
413,motive_6
414,
415,
416,
417,
418,
419,
420,motive_3
421,motive_3
422,
423,
424,motive_7
425,motive_7
426,motive_4
427,motive_4
428,
429,
430,
431,
432,
433,
434,
435,
436,
437,
438,
439,
440,
441,
442,
443,motive_5
444,motive_5
445,
446,
447,
448,motive_3
449,motive_3
450,motive_7
451,motive_7
452,
453,
454,
455,
456,
457,
458,
459,
460,
461,
462,
463,
464,
465,
466,
467,motive_4
468,motive_4
469,
470,
471,motive_7
472,motive_7
473,motive_3
474,motive_3
475,
476,
477,
478,
479,
480,
481,
482,
483,
484,
485,
486,
487,motive_5
488,motive_5
489,
490,
491,
492,
493,
494,
495,motive_7
496,motive_7
497,motive_3
498,motive_3
499,
500,
501,
502,
503,
504,
505,
506,
507,
508,
509,
510,
511,
512,
513,motive_4
514,motive_4
515,motive_7
516,motive_7
517,
518,
519,
520,
521,
522,
523,
524,
525,motive_3
526,motive_3
527,
528,
529,
530,
531,motive_5
532,motive_5
533,
534,
535,
536,
537,
538,
539,motive_7
540,motive_7
541,
542,
543,
544,
545,motive_3
546,motive_3
547,
548,
549,
550,
551,
552,
553,
554,
555,
556,
557,motive_6
558,motive_6
559,
560,
561,
562,
563,
564,
565,motive_4
566,motive_4
567,motive_7
568,motive_7
569,
570,
571,
572,
573,
574,
575,
576,
577,
578,motive_3
579,motive_3
580,
581,
582,
583,
584,
585,
586,
587,motive_7
588,motive_7
589,
590,motive_4
591,motive_4
592,
593,
594,
595,
596,
597,
598,
599,
600,
601,
602,
603,
604,
605,motive_5
606,motive_5
607,motive_3
608,motive_3
609,motive_7
610,motive_7
611,
612,
613,
614,
615,
616,
617,
618,
619,
620,
621,
622,
623,
624,
625,
626,
627,motive_3
628,motive_3
629,motive_7
630,motive_7
631,
632,motive_4
633,motive_4
634,
635,
636,
637,
638,
639,
640,
641,
642,
643,
644,
645,
646,
647,
648,
649,motive_5
650,motive_5
651,
652,
653,
654,motive_7
655,motive_7
656,motive_3
657,motive_3
658,
659,
660,
661,
662,
663,
664,
665,
666,
667,
668,
669,
670,
671,
672,
673,motive_4
674,motive_4
675,motive_7
676,motive_7
677,
678,
679,
680,
681,
682,
683,
684,motive_3
685,motive_3
686,
687,
688,
689,
690,
691,motive_6
692,motive_6
693,
694,
695,
696,
697,
698,
699,
700,
701,
702,motive_7
703,motive_7
704,motive_4
705,motive_4
706,
707,
708,
709,
710,
711,
712,
713,
714,
715,
716,
717,motive_3
718,motive_3
719,motive_7
720,motive_7
721,
722,
723,
724,
725,
726,motive_5
727,motive_5
728,
729,
730,
731,
732,
733,
734,
735,
736,
737,motive_3
738,motive_3
739,
740,
741,
742,
743,motive_7
744,motive_7
745,
746,
747,
748,
749,
750,motive_4
751,motive_4
752,
753,
754,
755,
756,
757,
758,
759,
760,
761,
762,
763,
764,motive_7
765,motive_7
766,motive_3
767,motive_3
768,
769,
770,motive_5
771,motive_5
772,
773,
774,
775,
776,
777,
778,
779,
780,
781,
782,
783,
784,
785,
786,
787,
788,motive_7
789,motive_7
790,motive_4
791,motive_4
792,
793,
794,motive_3
795,motive_3
796,
797,
798,
799,
800,
801,
802,
803,
804,
805,motive_7
806,motive_7
807,
808,
809,
810,
811,
812,
813,
814,motive_3
815,motive_3
816,motive_5
817,motive_5
818,
819,
820,
821,
822,
823,
824,
825,
826,
827,
828,
829,motive_7
830,motive_7
831,
832,motive_4
833,motive_4
834,
835,
836,
837,
838,
839,
840,
841,
842,motive_3
843,motive_3
844,
845,
846,motive_7
847,motive_7
848,
849,
850,
851,
852,
853,
854,
855,
856,
857,motive_6
858,motive_6
859,
860,
861,
862,
863,
864,
865,
866,
867,motive_3
868,motive_3
869,
870,
871,
872,motive_5
873,motive_5
874,
875,
876,
877,motive_7
878,motive_7
879,
880,
881,
882,
883,
884,motive_4
885,motive_4
886,
887,
888,
889,
890,
891,
892,
893,
894,
895,motive_3
896,motive_3
897,motive_7
898,motive_7
899,
900,
901,
902,
903,
904,
905,
906,
907,
908,
909,
910,
911,
912,motive_5
913,motive_5
914,
915,motive_3
916,motive_3
917,
918,
919,
920,
921,motive_7
922,motive_7
923,
924,
925,
926,
927,
928,
929,
930,motive_4
931,motive_4
932,
933,
934,
935,
936,
937,
938,
939,
940,
941,
942,motive_7
943,motive_7
944,motive_3
945,motive_3
946,
947,
948,
949,
950,
951,
952,
953,
954,
955,
956,motive_5
957,motive_5
958,
959,
960,
961,
962,
963,
964,
965,
966,motive_7
967,motive_7
968,motive_3
969,motive_3
970,
971,
972,
973,
974,
975,
976,motive_4
977,motive_4
978,
979,
980,
981,
982,
983,motive_7
984,motive_7
985,
986,
987,
988,
989,
990,
991,
992,
993,
994,
995,
996,motive_3
997,motive_3
998,
999,
1000,motive_5
1001,motive_5
1002,
1003,
1004,
1005,
1006,
1007,motive_7
1008,motive_7
1009,
1010,
1011,
1012,
1013,
1014,motive_4
1015,motive_4
1016,
1017,
1018,
1019,
1020,
1021,
1022,
1023,
1024,motive_3
1025,motive_3
1026,motive_7
1027,motive_7
1028,
1029,
1030,
1031,
1032,
1033,
1034,
1035,
1036,
1037,
1038,motive_6
1039,motive_6
1040,
1041,
1042,
1043,
1044,
1045,
1046,
1047,
1048,
1049,motive_4
1050,motive_4
1051,
1052,
1053,motive_7
1054,motive_7
1055,motive_3
1056,motive_3
1057,
1058,
1059,
1060,
1061,
1062,
1063,
1064,
1065,
1066,
1067,
1068,
1069,
1070,
1071,motive_5
1072,motive_5
1073,
1074,
1075,
1076,
1077,motive_7
1078,motive_7
1079,motive_3
1080,motive_3
1081,
1082,
1083,
1084,
1085,
1086,
1087,
1088,
1089,
1090,
1091,
1092,
1093,
1094,
1095,motive_4
1096,motive_4
1097,motive_7
1098,motive_7
1099,
1100,
1101,
1102,
1103,
1104,
1105,
1106,
1107,motive_3
1108,motive_3
1109,
1110,
1111,
1112,
1113,
1114,
1115,motive_5
1116,motive_5
1117,
1118,
1119,
1120,
1121,motive_7
1122,motive_7
1123,
1124,
1125,
1126,
1127,motive_3
1128,motive_3
1129,
1130,
1131,
1132,
1133,
1134,
1135,
1136,
1137,
1138,
1139,
1140,
1141,motive_4
1142,motive_4
1143,motive_7
1144,motive_7
1145,
1146,
1147,
1148,
1149,
1150,
1151,
1152,
1153,
1154,
1155,motive_3
1156,motive_3
1157,
1158,
1159,motive_5
1160,motive_5
1161,
1162,
1163,
1164,
1165,
1166,
1167,motive_7
1168,motive_7
1169,
1170,
1171,
1172,
1173,
1174,
1175,motive_3
1176,motive_3
1177,
1178,
1179,
1180,
1181,
1182,
1183,
1184,
1185,
1186,motive_6
1187,motive_6
1188,
1189,
1190,
1191,
1192,
1193,motive_4
1194,motive_4
1195,motive_7
1196,motive_7
1197,
1198,
1199,
1200,
1201,
1202,
1203,
1204,
1205,
1206,
1207,
1208,motive_3
1209,motive_3
1210,
1211,
1212,
1213,
1214,
1215,motive_7
1216,motive_7
1217,
1218,motive_4
1219,motive_4
1220,
1221,
1222,
1223,
1224,
1225,
1226,
1227,
1228,
1229,
1230,
1231,
1232,
1233,motive_5
1234,motive_5
1235,
1236,motive_3
1237,motive_3
1238,motive_7
1239,motive_7
1240,
1241,
1242,
1243,
1244,
1245,
1246,
1247,
1248,
1249,
1250,
1251,
1252,
1253,
1254,
1255,
1256,motive_3
1257,motive_3
1258,motive_7
1259,motive_7
1260,
1261,motive_4
1262,motive_4
1263,
1264,
1265,
1266,
1267,
1268,
1269,
1270,
1271,
1272,
1273,
1274,
1275,
1276,
1277,motive_5
1278,motive_5
1279,
1280,
1281,
1282,
1283,motive_7
1284,motive_7
1285,motive_3
1286,motive_3
1287,
1288,
1289,
1290,
1291,
1292,
1293,
1294,
1295,
1296,
1297,
1298,
1299,
1300,
1301,
1302,motive_6
1303,motive_6
1304,
1305,
1306,
1307,
1308,
1309,motive_4
1310,motive_4
1311,motive_7
1312,motive_7
1313,
1314,
1315,
1316,
1317,
1318,motive_3
1319,motive_3
1320,
1321,
1322,
1323,
1324,
1325,
1326,
1327,
1328,
1329,
1330,
1331,motive_7
1332,motive_7
1333,
1334,motive_4
1335,motive_4
1336,
1337,
1338,
1339,
1340,
1341,
1342,
1343,
1344,
1345,
1346,motive_3
1347,motive_3
1348,motive_7
1349,motive_7
1350,
1351,
1352,
1353,
1354,motive_5
1355,motive_5
1356,
1357,
1358,
1359,
1360,
1361,
1362,
1363,
1364,
1365,
1366,motive_3
1367,motive_3
1368,
1369,
1370,
1371,
1372,motive_7
1373,motive_7
1374,
1375,
1376,
1377,
1378,
1379,
1380,motive_4
1381,motive_4
1382,
1383,
1384,
1385,
1386,
1387,
1388,
1389,
1390,
1391,
1392,
1393,motive_7
1394,motive_7
1395,motive_3
1396,motive_3
1397,
1398,motive_5
1399,motive_5
1400,
1401,
1402,
1403,
1404,
1405,
1406,
1407,
1408,
1409,
1410,
1411,
1412,
1413,
1414,
1415,
1416,
1417,motive_7
1418,motive_7
1419,motive_4
1420,motive_4
1421,
1422,
1423,motive_3
1424,motive_3
1425,
1426,
1427,
1428,
1429,
1430,
1431,
1432,
1433,
1434,motive_7
1435,motive_7
1436,
1437,
1438,
1439,
1440,
1441,
1442,motive_6
1443,motive_6
1444,
1445,
1446,
1447,
1448,motive_3
1449,motive_3
1450,
1451,
1452,
1453,
1454,
1455,motive_5
1456,motive_5
1457,
1458,
1459,
1460,
1461,
1462,
1463,
1464,
1465,motive_7
1466,motive_7
1467,motive_4
1468,motive_4
1469,
1470,
1471,
1472,
1473,
1474,
1475,
1476,motive_3
1477,motive_3
1478,
1479,
1480,
1481,
1482,motive_7
1483,motive_7
1484,
1485,
1486,
1487,
1488,
1489,
1490,
1491,
1492,
1493,
1494,
1495,motive_5
1496,motive_5
1497,motive_3
1498,motive_3
1499,
1500,
1501,
1502,
1503,
1504,
1505,
1506,motive_7
1507,motive_7
1508,
1509,
1510,
1511,
1512,
1513,motive_4
1514,motive_4
1515,
1516,
1517,
1518,
1519,
1520,
1521,
1522,
1523,
1524,
1525,motive_3
1526,motive_3
1527,motive_7
1528,motive_7
1529,
1530,
1531,
1532,
1533,
1534,
1535,
1536,
1537,
1538,
1539,motive_5
1540,motive_5
1541,
1542,
1543,
1544,
1545,motive_3
1546,motive_3
1547,
1548,
1549,
1550,
1551,motive_7
1552,motive_7
1553,
1554,
1555,
1556,
1557,
1558,
1559,motive_4
1560,motive_4
1561,
1562,
1563,
1564,
1565,
1566,
1567,
1568,
1569,
1570,
1571,
1572,motive_7
1573,motive_7
1574,motive_3
1575,motive_3
1576,
1577,
1578,
1579,
1580,
1581,
1582,
1583,motive_5
1584,motive_5
1585,
1586,
1587,
1588,
1589,
1590,
1591,
1592,
1593,
1594,
1595,
1596,motive_7
1597,motive_7
1598,motive_3
1599,motive_3
1600,
1601,
1602,
1603,
1604,
1605,motive_4
1606,motive_4
1607,
1608,
1609,
1610,
1611,
1612,
1613,motive_7
1614,motive_7
1615,
1616,
1617,
1618,
1619,
1620,
1621,
1622,motive_6
1623,motive_6
1624,
1625,
1626,
1627,
1628,
1629,
1630,motive_3
1631,motive_3
1632,
1633,
1634,
1635,
1636,
1637,
1638,
1639,
1640,motive_7
1641,motive_7
1642,motive_4
1643,motive_4
1644,
1645,
1646,
1647,
1648,
1649,
1650,
1651,
1652,
1653,
1654,
1655,
1656,
1657,motive_5
1658,motive_5
1659,motive_3
1660,motive_3
1661,motive_7
1662,motive_7
1663,
1664,
1665,
1666,
1667,
1668,
1669,
1670,
1671,
1672,
1673,
1674,
1675,
1676,
1677,
1678,
1679,motive_3
1680,motive_3
1681,motive_7
1682,motive_7
1683,
1684,motive_4
1685,motive_4
1686,
1687,
1688,
1689,
1690,
1691,
1692,
1693,
1694,
1695,
1696,
1697,
1698,
1699,
1700,
1701,motive_5
1702,motive_5
1703,
1704,
1705,
1706,motive_7
1707,motive_7
1708,motive_3
1709,motive_3
1710,
1711,
1712,
1713,
1714,
1715,
1716,
1717,
1718,
1719,
1720,
1721,
1722,
1723,
1724,
1725,motive_4
1726,motive_4
1727,motive_7
1728,motive_7
1729,
1730,
1731,
1732,
1733,
1734,
1735,
1736,motive_3
1737,motive_3
1738,
1739,
1740,
1741,
1742,
1743,
1744,motive_6
1745,motive_6
1746,
1747,
1748,
1749,
1750,
1751,
1752,
1753,
1754,motive_7
1755,motive_7
1756,motive_4
1757,motive_4
1758,
1759,
1760,
1761,
1762,
1763,
1764,
1765,
1766,
1767,
1768,
1769,motive_3
1770,motive_3
1771,motive_7
1772,motive_7
1773,
1774,
1775,
1776,
1777,
1778,motive_5
1779,motive_5
1780,
1781,
1782,
1783,
1784,
1785,
1786,
1787,
1788,
1789,motive_3
1790,motive_3
1791,
1792,
1793,
1794,
1795,motive_7
1796,motive_7
1797,
1798,
1799,
1800,
1801,
1802,motive_4
1803,motive_4
1804,
1805,
1806,
1807,
1808,
1809,
1810,
1811,
1812,
1813,
1814,
1815,
1816,motive_7
1817,motive_7
1818,motive_3
1819,motive_3
1820,
1821,
1822,motive_5
1823,motive_5
1824,
1825,
1826,
1827,
1828,
1829,
1830,
1831,
1832,
1833,
1834,
1835,
1836,
1837,
1838,
1839,
1840,motive_7
1841,motive_7
1842,motive_3
1843,motive_3
1844,
1845,
1846,
1847,
1848,motive_4
1849,motive_4
1850,
1851,
1852,
1853,
1854,
1855,
1856,
1857,motive_7
1858,motive_7
1859,
1860,
1861,
1862,
1863,
1864,
1865,
1866,
1867,motive_5
1868,motive_5
1869,motive_3
1870,motive_3
1871,
1872,
1873,
1874,
1875,
1876,
1877,
1878,
1879,
1880,
1881,motive_7
1882,motive_7
1883,
1884,
1885,
1886,motive_4
1887,motive_4
1888,
1889,
1890,
1891,
1892,
1893,
1894,
1895,
1896,
1897,motive_3
1898,motive_3
1899,motive_7
1900,motive_7
1901,
1902,
1903,
1904,
1905,
1906,
1907,
1908,
1909,motive_6
1910,motive_6
1911,
1912,
1913,
1914,
1915,
1916,
1917,
1918,
1919,
1920,
1921,motive_4
1922,motive_4
1923,
1924,
1925,
1926,motive_7
1927,motive_7
1928,motive_3
1929,motive_3
1930,
1931,
1932,
1933,
1934,
1935,
1936,
1937,
1938,
1939,
1940,motive_5
1941,motive_5
1942,
1943,
1944,
1945,
1946,
1947,
1948,
1949,
1950,motive_7
1951,motive_7
1952,motive_3
1953,motive_3
1954,
1955,
1956,
1957,
1958,
1959,
1960,
1961,
1962,
1963,
1964,
1965,
1966,
1967,motive_4
1968,motive_4
1969,motive_7
1970,motive_7
1971,
1972,
1973,
1974,
1975,
1976,
1977,
1978,
1979,
1980,motive_3
1981,motive_3
1982,
1983,
1984,motive_5
1985,motive_5
1986,
1987,
1988,
1989,
1990,
1991,
1992,
1993,motive_7
1994,motive_7
1995,
1996,
1997,
1998,
1999,
